2.758556108552236985e-01 4.291405175709350588e-03 6.376267091311376585e-39 1.525436215496644774e-32 4.355642900682910374e-49 1.348497806963113953e-36 7.198529839690669396e-01 8.022936086204959507e-32 4.248119499184773811e-28 8.894966124225369070e-34
2.424362443955633209e-14 6.087111605225181687e-01 2.494004365120152716e-26 9.118744626443727823e-08 5.745287367089206869e-04 4.714185378421698785e-09 2.444300224093023515e-30 5.700380009307433560e-20 1.430053189206902386e-01 2.477088959184262085e-01
4.872240379111206915e-02 5.341098546974099698e-25 2.384988041326494002e-01 1.397435037163499572e-09 4.552940946787688984e-15 3.106672283290241305e-18 5.961493165194873267e-01 5.467001893356979529e-25 1.183160878675994445e-29 1.166294741593115192e-01
1.601298035600018344e-04 4.035482850833842922e-02 9.514132933969479677e-03 8.443220633748185211e-01 7.673493348389132884e-23 5.090043523604184435e-10 1.526232220759058773e-16 4.125224824801172190e-14 7.023566410030798735e-02 3.541318076996289449e-02
1.235429751773176405e-11 2.153749600278605236e-02 5.991010477261445146e-18 8.944459037999526185e-02 1.707434275189217195e-03 1.548436546927092206e-01 5.621704848458338881e-21 7.205114407072561455e-01 1.501372423427866924e-22 1.195538392971160456e-02
1.406279889111202754e-02 3.420896533358454891e-19 8.798819657366538927e-01 6.386695022394607238e-27 1.060498449015979394e-01 5.110500312832748713e-23 3.831076021340373614e-28 3.860388885065769690e-21 5.390470635507793487e-06 5.574746268781590901e-21
1.163937633383121362e-07 1.644476423121096938e-03 3.893727740920612801e-01 2.780818345300155314e-02 1.951614553295198965e-08 5.254846134565033962e-25 7.952531679979044104e-37 4.659999910376602661e-01 9.706654806371579902e-02 1.810789102053176475e-02
3.305543601439318163e-02 2.398567725120751004e-01 1.347713305251464166e-21 4.714149427537414630e-13 8.942857179784208244e-02 5.589352207568540898e-01 1.883634715979520014e-29 7.872398090215072808e-02 1.568494602978580819e-08 2.331267423919272360e-09
4.395049376258923588e-04 5.230789663660036926e-15 4.024574027900011964e-21 3.436699570667806763e-02 6.085354382377677895e-01 5.998656169676319649e-03 8.242897884052545877e-37 1.583863993750034012e-36 5.338323161907730909e-17 3.506594049482483766e-01
8.116476675985434541e-01 3.150706072283730081e-12 2.493175251747995551e-20 8.555304411391637456e-03 6.168071995790129587e-17 1.797970279869150756e-01 1.624885637673157095e-20 2.736204346583794040e-22 3.595853210756623107e-33 3.020099825838545410e-20
