3.912656110334367110e-02 4.272219737153686026e-02 3.883613325403263965e-03 2.343414073126683650e-01 3.691998294447783584e-03 1.231017275970460872e-01 5.550239832014902501e-04 1.824405580315869024e-01 3.637894544449232770e-01 6.347458535841187660e-03
3.251164096122732827e-02 2.734161792709541988e-02 2.554388821628992374e-04 1.980177721693034479e-02 6.555743463922254766e-02 1.761536753233106656e-01 7.806406967216414361e-02 2.414517118732441014e-01 3.239440713610273748e-01 3.491856214360671007e-02
2.582763499501696675e-02 5.154823138689347984e-04 1.263931324401929290e-01 2.663308086759702889e-02 3.085331874347974623e-01 2.017363726237141747e-02 4.861314448909478947e-02 1.199111122522340950e-01 2.754638836439230465e-01 4.793570430090327711e-02
1.228613214222255140e-01 2.077253286151199002e-02 7.631002340036079599e-03 7.276968217890469881e-02 1.919639644103884046e-01 5.447744082211966599e-02 2.392253785909530250e-02 2.477009568173723919e-01 2.079416591257616798e-01 4.995890216258536132e-02
9.495252348925042885e-02 1.489110417919894090e-03 1.446645116394629400e-02 2.396667245589928497e-02 7.967780195476491592e-03 2.667514053955658687e-03 1.594262776154775629e-01 2.552641261336953127e-01 1.176970472012111961e-02 4.280298397542563471e-01
4.642769839035184448e-02 4.054764868116045827e-03 2.067788772687107098e-03 3.631278990521829425e-02 1.696541630717995353e-01 3.317264384491832585e-01 3.353056849228513298e-02 1.799642151076241148e-01 6.600011589558378577e-02 1.302614570471547217e-01
4.558668064422187194e-01 6.018687623360097043e-03 1.429329154020605314e-02 6.384998805513833475e-02 2.544418335243078116e-02 1.722816386604635389e-02 8.023209871859031395e-02 1.921783203919376071e-01 4.050429905391544211e-03 1.408380301046804894e-01
6.472633111573326825e-02 3.454498072266844189e-02 2.960830947619915061e-03 1.519012667684598583e-01 2.185745552974368289e-01 1.163011000505488196e-01 9.184577775868159322e-02 7.564194459415223004e-02 1.204354039508446789e-03 2.422988587051912723e-01
4.761246119113447112e-02 1.048387829312836389e-02 9.779975697855938788e-02 4.525553467422781945e-02 2.159333372047973487e-01 5.679279893006514840e-02 1.073523472674546564e-01 1.178676430912533879e-01 2.908591712181081423e-02 2.718163252475648273e-01
1.718520250709060140e-03 2.428123394915045197e-01 1.554749716938398293e-02 3.442952931827854973e-02 1.085988114163493196e-01 2.462384112009488313e-01 2.741064835288470891e-01 1.188866256225657586e-02 6.154615048739833782e-02 3.113594574321409351e-03
