2.935116393465334039e-01 0.000000000000000000e+00 2.238214237134633259e-243 0.000000000000000000e+00 0.000000000000000000e+00 0.000000000000000000e+00 0.000000000000000000e+00 7.064883606534682059e-01 0.000000000000000000e+00 8.444227156630234094e-196
0.000000000000000000e+00 2.911997778692389369e-258 2.867706554357358825e-142 0.000000000000000000e+00 0.000000000000000000e+00 8.214383542489044343e-01 0.000000000000000000e+00 5.959437263219830028e-02 4.498635497401177030e-236 1.189672731188980148e-01
1.914642841001309729e-229 6.619471816601433245e-01 8.812216497799358019e-218 7.744881740128939374e-03 5.387705506613082528e-22 1.284366438007256417e-01 0.000000000000000000e+00 6.900899220044345958e-289 2.410238824470359707e-307 2.018712927990031214e-01
8.434913177006855278e-01 1.521671250628855425e-225 2.972262999068242886e-02 9.031828263300218859e-03 0.000000000000000000e+00 0.000000000000000000e+00 3.847836208789607597e-292 3.829883469092728499e-157 1.829531290834886201e-140 1.177542240453314654e-01
0.000000000000000000e+00 0.000000000000000000e+00 8.430043912563352342e-222 3.418727403935512356e-316 2.055730340594648098e-01 0.000000000000000000e+00 0.000000000000000000e+00 9.191149467406315929e-03 7.852358164731306767e-01 1.553609489579872773e-289
4.290239292353943857e-317 0.000000000000000000e+00 4.084676674321118806e-01 9.346275474761388825e-214 5.915323325678892852e-01 1.491148116847660571e-157 0.000000000000000000e+00 2.587444930739906963e-271 3.078136442370077732e-298 5.457354788009573452e-156
6.557345839566349754e-01 1.379406385694334808e-08 2.586648937088193573e-02 0.000000000000000000e+00 1.875867964100782700e-02 1.355672782965451198e-207 1.415226761445242690e-95 2.641535519513108257e-153 4.456034762056782206e-102 2.996402332374106248e-01
6.221122297336131816e-245 1.028506841169220439e-250 0.000000000000000000e+00 1.373213863321217643e-01 1.646088559040023019e-02 5.969227235951091171e-01 0.000000000000000000e+00 6.553902912212296465e-48 1.012675221230570503e-253 2.492950044823709355e-01
0.000000000000000000e+00 7.522390718174931656e-01 9.422558867375975304e-284 0.000000000000000000e+00 5.701846972531732423e-280 0.000000000000000000e+00 0.000000000000000000e+00 6.436538692261669016e-307 8.748049647405574589e-306 2.477609281825067788e-01
9.387247270983684339e-323 0.000000000000000000e+00 1.423433784795553880e-01 8.576566215204449728e-01 0.000000000000000000e+00 4.140906274418011699e-190 0.000000000000000000e+00 5.030534146127839797e-307 6.509638617865065565e-233 4.411364526413267154e-243
